# Created by Octave 6.2.0, Mon Apr 26 16:57:57 2021 MDT <P2996224@CHTRMACJ1T6G8WN>
# name: A
# type: matrix
# rows: 3
# columns: 2
 1 2
 3 4
 5 6


